time,x,y,z,phi,theta,psi,x_velocity,y_velocity,z_velocity,phi_velocity,theta_velocity,psi_velocity,rotor_speed1,rotor_speed2,rotor_speed3,rotor_speed4
0.06,4.67328504914e-08,2.51827153752e-07,10.0024104001,0.000251198063039,6.2831132013,0.0,5.01624545568e-06,2.19264648403e-05,0.0803437215426,0.0114649550373,-0.00372086389412,0.0,430.841940197116,430.52731884469995,430.06702754165667,431.0367757097956
0.12000000000000001,2.60445005311e-06,9.79645528667e-06,10.0101532048,0.000400135484895,6.28297979614,0.0,9.82037763694e-05,0.000352889214278,0.17773886881,-0.0294000942773,0.000615008943402,0.0,435.2107046991106,435.5734426689747,438.479286148274,435.0717905582944
0.18,1.15530417181e-05,3.22256420547e-05,10.0208267199,6.2817472742,0.000277945044317,0.0,0.00017469157169,0.000237720317635,0.178044889081,-0.033229990656,0.0198574823971,0.0,403.0957411420327,404.83052673270726,404.3525003421941,404.0069712563258
0.23999999999999996,1.19094553079e-05,9.54027188904e-06,10.0342621381,6.27943627412,0.00139060599098,0.0,-0.000279055720842,-0.00120783319969,0.269783972523,-0.0520330298678,0.015779715978,0.0,434.89690034502274,434.55522682737893,434.6958690855865,433.11675532137224
0.3,-3.91313159724e-05,-0.000157614673733,10.0547557185,6.27662564443,0.00212258632359,0.0,-0.00151455935655,-0.00468376661088,0.413292065037,-0.038088826324,0.00385461472269,0.0,450.63300881341473,449.6680624250202,450.471845294478,451.5964946531227
0.36000000000000004,-0.000179063667396,-0.000596031598096,10.0844419547,6.27439647182,0.00186709967236,0.0,-0.00315904296573,-0.0101808647554,0.576178735762,-0.0353441876627,-0.030080856903,0.0,458.23080492945644,455.52560210033704,456.26690289657336,456.4853304069276
0.4200000000000001,-0.000397831033295,-0.00138044112436,10.120420153,6.27333824831,6.28286527341,0.0,-0.00394971443458,-0.0161030675066,0.623068720273,0.0045268333419,-0.0539313757258,0.0,422.88036179161946,420.8203421494598,416.5550316360967,420.02649305809933
0.48000000000000015,-0.000614988653189,-0.00255754940917,10.1616667403,6.27347147369,6.2792858895,0.0,-0.00293068354733,-0.0231111613122,0.751740884731,-0.00284571455516,-0.0746918639538,0.0,447.0624391321865,445.36524023462624,446.758307821693,446.1568243898823
0.5400000000000001,-0.000677901896917,-0.00417598375355,10.2129699518,6.27382364088,6.27456098618,0.0,0.00137313175875,-0.0308197385033,0.958212959195,0.0192368676687,-0.0884282482564,0.0,471.06556614173434,469.99762419396194,468.7802604385246,470.49278095271694
0.6000000000000002,-0.000362487829107,-0.00624848297209,10.2772016983,6.27472004877,6.27006897884,0.0,0.00971829325185,-0.038136068769,1.18263538835,0.00454924217427,-0.0563381034009,0.0,474.80412834945975,477.25498090095783,475.9299052666564,474.80444427027027
0.6600000000000003,0.00053310274542,-0.00872797398449,10.3532404765,6.27504947751,6.2667022695,0.0,0.0205108197749,-0.0444782199112,1.35180046969,0.00730954345031,-0.0556632382496,0.0,459.565440084234,459.6168965405643,459.7868330683708,460.00534753458317
0.7200000000000003,0.00207342729094,-0.0115421581878,10.434791672,6.27585145354,6.26311658043,0.0,0.0311411054605,-0.0492704581384,1.36654989378,0.0233384087597,-0.0695640811842,0.0,410.36141813909677,409.12279156869903,411.27294595373667,412.6899794302512
0.7800000000000004,0.0043487211957,-0.0146365622677,10.5186474644,6.27687306151,6.25904228069,0.0,0.0450977086161,-0.0537546798005,1.42855946465,-0.000221069312501,-0.0647792598037,0.0,426.30718535005497,426.7121122630498,427.71215268631636,425.70109150704366
0.8400000000000004,0.00766535885726,-0.0180171248035,10.6112647214,6.27671197636,6.25476114111,0.0,0.0659379721562,-0.0589387262794,1.6583646365,-0.00813433065003,-0.0896395665837,0.0,478.88738134286257,476.9890167335875,479.08346685888125,478.4815212192408
0.9000000000000005,0.012263803197,-0.0216967678183,10.7149340257,6.27581749707,6.24950045821,0.0,0.0879100097036,-0.0637830315785,1.7970520945,-0.0340520811282,-0.0840206913744,0.0,452.3013821887429,452.7474042306064,452.09755812297294,450.00464445314753
0.9600000000000005,0.0182645792938,-0.0256863552614,10.8260670089,6.27349511981,6.24441125829,0.0,0.112633675239,-0.069425331799,1.90718106976,-0.0501793084634,-0.086467417653,0.0,444.0631360415039,443.8564808315212,443.50516019330837,442.1778635040346
1.0200000000000005,0.0258177529486,-0.0300570435274,10.9428420542,6.27031486252,6.23924170995,0.0,0.139644525675,-0.0765676052483,1.98516149953,-0.0593532424882,-0.0855500095742,0.0,433.55537639671047,433.6261176235046,434.06182976091696,433.2893590340207
1.0800000000000005,0.0353278554204,-0.0349922961007,11.0694953937,6.26654454428,6.23457891876,0.0,0.177942570012,-0.0883884978811,2.23612210716,-0.0709209394096,-0.0654233378088,0.0,486.19176211804927,487.6928789744146,486.2243968730077,485.3545122200604
1.1400000000000006,0.0476170562714,-0.0408650653547,11.2186654637,6.26217624965,6.23056769666,0.0,0.232283071242,-0.108044948529,2.73510811811,-0.076865159559,-0.0698783792761,0.0,554.4870349434613,554.1919310563477,553.5066463810813,553.1123582716143
1.2000000000000006,0.062700602354,-0.0478171393729,11.3865754672,6.25718026127,6.22669575709,0.0,0.270909443221,-0.124187001962,2.86154232597,-0.100854069227,-0.0555546189903,0.0,451.36781844348957,452.51924489165555,454.428906491098,452.4960884551319
1.2600000000000007,0.0802004277834,-0.0558598687236,11.5624067645,6.25107649082,6.22393151506,0.0,0.31271924131,-0.144547078146,2.99910410869,-0.103539003202,-0.0318074782584,0.0,455.9316089715458,457.8236105914278,456.9537847493455,456.73103744483
1.3200000000000007,0.100173176922,-0.0652068646396,11.7449645372,6.24515516192,6.22186979398,0.0,0.353221135181,-0.167616444588,3.08588202983,-0.0904278746667,-0.0400338595345,0.0,441.6491841942471,440.96963403928424,441.960767396208,443.0315814137178
1.3800000000000008,0.12259791127,-0.0760419724388,11.9323902911,6.24007119976,6.22010713358,0.0,0.394453814764,-0.194059919909,3.16139273988,-0.0752650504766,-0.0138025727876,0.0,437.5665316969563,439.744458282271,438.5493404971638,439.80091750586087
1.4400000000000008,0.147672274759,-0.088662858332,12.126642963,6.23585903057,6.21914859583,0.0,0.441425078834,-0.227093594285,3.31322710978,-0.0616320451644,-0.0207203145426,0.0,463.7373411072644,463.19372252562323,462.22508290174926,463.29461466608876
1.5000000000000009,0.175352362226,-0.103181063893,12.3263529331,6.23172153203,6.21776049423,0.0,0.48135505275,-0.257194577917,3.34364485737,-0.0905867929236,-0.0284634827595,0.0,425.15123736429246,424.48717695381725,428.1740748811625,425.69931617301455
1.560000000000001,0.205539898945,-0.119656380952,12.5291834869,6.22648424961,6.21669229564,0.0,0.525007721083,-0.292492901549,3.41710341957,-0.0813983189084,-0.00222261388544,0.0,439.38417170019187,441.5543448084606,439.3379672847853,440.092737780163
1.620000000000001,0.238786923089,-0.138718937264,12.7427808525,6.22160651481,6.21638306974,0.0,0.58318913503,-0.343505034686,3.70186767735,-0.0810910173543,-0.0117771534962,0.0,503.5388810077233,502.84729536842576,503.60351478592247,503.62125036262813
1.680000000000001,0.27520604287,-0.160662705386,12.9685617675,6.21762239668,6.21551153836,0.0,0.630830556814,-0.388383235857,3.8237053578,-0.0468221758416,-0.0206829995451,0.0,459.2755919468715,458.56876451239424,455.2217367154514,457.95223031976496
1.740000000000001,0.314502583615,-0.185376826553,13.2016374415,6.21439237587,6.2143361759,0.0,0.67914618937,-0.435703793952,3.94501717649,-0.0740085458594,-0.0174873930483,0.0,457.72077213953173,457.97508157180783,460.3096299349734,458.1509752535459
1.8000000000000012,0.356749919508,-0.21303381373,13.4423962941,6.21039953617,6.21316419883,0.0,0.729176420056,-0.48661009268,4.0797361849,-0.0547289327175,-0.0239744034882,0.0,464.05755577349515,463.54808718494496,462.6392597709605,464.1516509145789
1.8600000000000012,0.402024371902,-0.243827629638,13.6912257714,6.20718290136,6.21186377195,0.0,0.780075509957,-0.540161545274,4.21402379305,-0.051463562004,-0.0174298870025,0.0,463.98059781334837,464.49416556556145,464.7917100448359,465.0458128383859
1.9200000000000013,0.45022401555,-0.277739466104,13.9459619201,6.20417614013,6.2110699405,0.0,0.826640770051,-0.590508943095,4.27688645963,-0.0475401399137,-0.00593341772223,0.0,443.36279348416394,444.30653568093834,443.2557732980123,443.5765229421751
1.9800000000000013,0.501505172189,-0.315033912859,14.2082717973,6.20155279703,6.21097439884,0.0,0.882691926365,-0.652896152529,4.46598700831,-0.037012523531,0.00591958281705,0.0,482.3210097259207,483.215470771853,481.9647322411588,482.75887881894425
2.0400000000000014,0.55576525402,-0.355698866129,14.4766649387,6.19932010189,6.21177681785,0.0,0.925906393133,-0.702798999369,4.48035221774,-0.0376126149847,0.0251877107902,0.0,429.98901744279885,431.61835268045803,429.87867098228674,429.82711315956595
2.1000000000000014,0.612683474052,-0.399501590614,14.747125572,6.19709109945,6.21399061366,0.0,0.971153280757,-0.757491087153,4.53475140832,-0.0362407915687,0.0535885565628,0.0,442.1071439890343,444.4418691824877,443.52709344525886,443.6391129029181
2.1600000000000015,0.672595668359,-0.447044726073,15.0256340675,6.1944685354,6.2172261865,0.0,1.02545861632,-0.827485822214,4.74796282707,-0.0660407586123,0.0545928697839,0.0,492.5531349405069,492.62902402470024,491.99236197260007,489.77971660713126
2.2200000000000015,0.735438691945,-0.498524767954,15.3131935763,6.19070724929,6.22067903635,0.0,1.06892689554,-0.888873322278,4.83693278942,-0.0567110455597,0.0628818897433,0.0,455.95027107618336,456.61427339768994,456.7100556101631,457.45091906823706
2.2800000000000016,0.800809537374,-0.553757189091,15.6060140598,6.187439492,6.22457942073,0.0,1.10967381834,-0.952511934993,4.92333919116,-0.0503089942094,0.0689469464777,0.0,457.10470947024646,457.59081209994474,455.90848367804824,456.4178774663866
2.3400000000000016,0.868470848792,-0.612759333551,15.9028215923,6.18425344363,6.22923695959,0.0,1.14525190719,-1.01450564852,4.97001013795,-0.0593656528214,0.0909426859153,0.0,444.88028488571706,446.6825246271691,444.9782128394519,444.23421555745256
2.4000000000000017,0.938003810217,-0.675235210105,16.1993202306,6.18084852531,6.235012305,0.0,1.17205851215,-1.06833226507,4.91350491522,-0.0519721969821,0.105184419524,0.0,410.98893014908595,412.2580900942309,411.59276424805495,412.24419282035717
2.4600000000000017,1.00909921409,-0.7411128466,16.4935613615,6.17816785765,6.24168645425,0.0,1.1972163,-1.12785173234,4.89460187257,-0.0330703121868,0.121193354997,0.0,422.190476833786,423.5811913996478,424.1732254201669,425.79227641495964
2.520000000000002,1.08165346568,-0.810794500153,16.7884419145,6.1764394447,6.248468527,0.0,1.22056086577,-1.19503840814,4.93457255239,-0.0214136345395,0.086985800537,0.0,445.069192509569,442.2709975188898,441.67019467390764,442.63040848896844
2.580000000000002,1.15547022941,-0.884501610222,17.0853559616,6.17538093087,6.25378445747,0.0,1.23949023244,-1.26197411717,4.96242877574,-0.0110021990382,0.0916420857598,0.0,438.43257108714266,438.82595502142,439.8010437290602,440.66271589134556
2.640000000000002,1.23029861468,-0.962168562753,17.3832270809,6.17488578093,6.25887034321,0.0,1.2542971409,-1.32699104225,4.96658630871,-0.00325337721288,0.0651910234568,0.0,432.2895606402162,430.0604258573042,432.5900323534766,433.24225382719726
2.700000000000002,1.30595295939,-1.04387166967,17.682491376,6.17523339317,6.26316486987,0.0,1.26710661521,-1.39643465479,5.00869721455,0.0195535032235,0.0819873090263,0.0,442.7054291258679,444.0893851605834,444.2748752947883,446.14115538092267
2.760000000000002,1.38233571376,-1.13000554698,17.986783336,6.17601034507,6.26817770205,0.0,1.2784296091,-1.47454933971,5.13381469355,-0.00548288746096,0.0864956708661,0.0,470.34606155040035,470.7003997371632,470.9597308051441,469.0189273662208
2.820000000000002,1.4592378691,-1.22045794634,18.2952156841,6.17569600309,6.27306485377,0.0,1.28450424592,-1.54057589629,5.14719535169,-0.00475570813313,0.0687491492509,0.0,437.8664156586321,436.3926995515964,436.2673701288252,436.32818484174356
2.880000000000002,1.53641594551,-1.31488042569,18.6044328584,6.17497099564,6.27672605004,0.0,1.28772920523,-1.60689616092,5.15996793177,-0.0337381010791,0.0373595477255,0.0,437.76052640986273,435.14278669961067,438.10010428574174,435.68327180533925
2.940000000000002,1.61375154633,-1.41377249539,18.9186928799,6.17262009307,6.27892071429,0.0,1.28986726553,-1.68968329701,5.31457986627,-0.0532324858207,0.0349667671283,0.0,479.8182553748283,479.63704322155905,481.94073912061685,480.4640964057853
3.000000000000002,1.69115322626,-1.51735023632,19.2391558311,6.17019605502,6.28122859504,0.0,1.28997006817,-1.76315788097,5.36719597662,-0.0225751122159,0.0446737107049,0.0,451.5290423607222,452.3122807622764,449.25409868357553,451.73239290887904
3.0600000000000023,1.76851686844,-1.62570765355,19.5656304797,6.16904864287,0.00111003377197,0.0,1.28849154981,-1.84883478657,5.51452462938,-0.0129869556575,0.0615987869901,0.0,480.072485498822,481.3566078960225,479.95372150366364,480.6810531321298
3.1200000000000023,1.84572370014,-1.73887419477,19.8978010753,6.1685524928,0.00493187817703,0.0,1.28470610333,-1.92344659601,5.55758165465,-0.000196697644715,0.0675933094137,0.0,450.61017482002546,451.09747459156483,449.528319946648,450.5638613457534
3.1800000000000024,1.92263327109,-1.85639770914,20.2313944345,6.16862332717,0.00959979278819,0.0,1.27854534241,-1.99403281088,5.5621551738,0.00380208412743,0.0928735253154,0.0,438.54455926704276,440.6444721370267,437.71742156713117,438.05011374935805
3.2400000000000024,1.99906342732,-1.97837099745,20.5670803674,6.16897276242,0.0151529297647,0.0,1.26857533734,-2.07171535676,5.62703752202,0.00958872658976,0.0919024112475,0.0,458.07171731935955,458.0014165540971,457.3521184536833,457.81276169457885
3.3000000000000025,2.07471913199,-2.10544820706,20.9105228148,6.16927622682,0.0215128941607,0.0,1.25258270752,-2.16406490606,5.82004134009,-0.0060404931024,0.125030044911,0.0,495.12498652010197,497.56467992231205,497.0111156305013,495.8640544655766
3.3600000000000025,2.14938181901,-2.23743782992,21.260013728,6.16945881857,0.029254366246,0.0,1.23547670148,-2.23562847727,5.82959178524,0.0168463984103,0.136002517427,0.0,442.7663693365633,443.6835378250008,442.387522802398,444.26843217253696
3.4200000000000026,2.22278089809,-2.3740601675,21.6130338381,6.17038873901,0.0376987542857,0.0,1.21029619142,-2.31833146128,5.93717530829,0.0126570796086,0.148832727937,0.0,473.93156030143996,474.93377722146977,472.92963520201164,472.60667414061675
3.4800000000000026,2.29459038612,-2.51533484473,21.9698501565,6.17135472868,0.046280069497,0.0,1.18254265326,-2.39078298319,5.95659286132,0.0222225491234,0.127692555906,0.0,448.06730096315397,446.36363634098547,447.8489699094004,448.6263955818018
3.5400000000000027,2.36464415899,-2.66079379879,22.3264593576,6.17245296605,0.0538856517464,0.0,1.15192516684,-2.45781375475,5.93051316895,0.00901331042538,0.124827580571,0.0,432.8717542361999,432.6456616372194,434.5164750535806,433.40739768274574
3.6000000000000028,2.4327829982,-2.81016348933,22.680552499,6.17275812855,0.061533129631,0.0,1.11874508819,-2.52122470255,5.87287143675,-0.00423062932017,0.132253971941,0.0,422.30827567728403,422.96420620051583,423.26891606757806,422.12726350817724
3.660000000000003,2.49846571378,-2.9639395943,23.0365409479,6.172555858,0.069069871029,0.0,1.06989196552,-2.60464386285,5.99271187984,-0.00170529523903,0.107054030309,0.0,478.03278503882245,476.1211265822147,478.56415008773905,478.7564340278257
3.720000000000003,2.56125693707,-3.12242725812,23.3969462817,6.17224293481,0.0751141444767,0.0,1.02258590141,-2.67832684481,6.02058641275,-0.013369758569,0.0834913183063,0.0,452.7227167519008,450.83078864717095,451.2417678425042,450.2990498589108
3.780000000000003,2.62125275565,-3.28513594238,23.7570615748,6.1716087774,0.0802487573302,0.0,0.976853269983,-2.74542279512,5.98338199025,-0.0054862786053,0.0894495141129,0.0,431.3357383011255,431.84498163992276,429.77697125378006,430.4449053818618
3.840000000000003,2.67839635435,-3.45192218741,24.1152252391,6.17078596458,0.0853844978547,0.0,0.927493218949,-2.81422431173,5.95547922421,-0.040220766529,0.0764953220713,0.0,433.7071362956346,432.6236869763798,435.54279139153346,432.6273223229205
3.900000000000003,2.73234258459,-3.6230664363,24.4734622009,6.16822398055,0.0904661016497,0.0,0.870297130852,-2.89083036277,5.98545785349,-0.048184682565,0.0974287542357,0.0,450.34739868133124,452.0433944997688,453.2404894291559,452.5988679526719
3.960000000000003,2.78291418062,-3.79867196153,24.8318175528,6.16530497343,0.0965961778403,0.0,0.814921678076,-2.96298179987,5.95971189709,-0.0495972996564,0.11026603724,0.0,433.47078103374645,434.5577012867275,435.7994799433387,435.67985487038686
4.020000000000002,2.83004001104,-3.97868782226,25.1888013847,6.16217767217,0.103097294338,0.0,0.755388390841,-3.03785295586,5.93969256295,-0.0577179932353,0.104222936539,0.0,437.111429285117,436.61796587873846,437.0339069934607,436.3545373789077
4.080000000000001,2.87298917487,-4.16383431537,25.5492718382,6.15944438577,0.109449394174,0.0,0.675667904445,-3.13396729901,6.07505189115,-0.028398380346,0.108968761366,0.0,483.90949930137054,484.27546827872175,484.51915360370174,486.7176087608477
4.14,2.91151658466,-4.35425515982,25.9133809311,6.15736671711,0.116083562072,0.0,0.608025578068,-3.21360865158,6.06182558408,-0.0515496881132,0.113590149521,0.0,440.6004771506051,440.99338082919564,442.2935633382606,440.38164509577007
4.199999999999998,2.94564113715,-4.54975253566,26.2786167996,6.15413549084,0.122991841344,0.0,0.528862475743,-3.30327168766,6.11220011251,-0.0589117141036,0.118064092266,0.0,461.12786739229045,461.4925154746316,461.7801852316689,461.1971358941081
4.259999999999997,2.97467583224,-4.75091897193,26.6485020854,6.15058713833,0.129964123194,0.0,0.438335173246,-3.40259730668,6.21645898242,-0.0595979263427,0.112203325299,0.0,479.2066065926022,478.7718057132833,478.64793362380937,478.59352186853897
4.319999999999996,2.99857418002,-4.95768811435,27.0213243865,6.14729366336,0.136164924207,0.0,0.357730530496,-3.49004568916,6.21072783131,-0.046838066871,0.0725529133247,0.0,448.64848010079794,445.4252913370271,445.6185128481019,446.65852861109244
4.379999999999995,3.01689551906,-5.17040384189,27.398403118,6.14593463408,0.140701890362,0.0,0.25265235393,-3.60061939817,6.35747934364,0.00409822451552,0.0811266477322,0.0,492.92751785901305,493.56468110231117,491.75801692180426,495.51711829989097
4.439999999999993,3.02973411346,-5.38890626558,27.7778729623,6.14714097638,0.145626289165,0.0,0.17489945854,-3.68286634906,6.29174781957,0.0408584409839,0.0839013069003,0.0,428.1305855756237,428.3723964925948,429.5072462773385,432.61451587885307
4.499999999999992,3.03731548291,-5.61281505699,28.1568688417,6.1494119063,0.150295041486,0.0,0.0774241954346,-3.78059705787,6.34103671721,0.0310254295369,0.0614391674632,0.0,466.24222305670634,464.4879425490663,466.89461676505766,466.1272482084559
4.559999999999991,3.03893795287,-5.84259489846,28.5390093522,6.15079089198,0.15374465287,0.0,-0.0235941216315,-3.87862211305,6.39651486887,-0.00242332556772,0.0481296799064,0.0,468.82627386013877,467.7928344323645,470.3642639250042,467.7661259094566
4.6199999999999894,3.034518876,-6.07819205681,28.9239679036,6.15047456317,0.156809344132,0.0,-0.123902438843,-3.97468906616,6.4350099792,-0.0116848999989,0.0564028623394,0.0,463.59152751061396,464.242825591514,465.4031932733085,464.6776489646627
4.679999999999988,3.02462577096,-6.31908133598,29.3074809168,6.14967155533,0.160673491535,0.0,-0.206176821253,-4.05515846133,6.34905501391,-0.0170174635433,0.0768956026798,0.0,424.2251367512714,425.9847647313535,425.645382189014,425.1887541063256
4.739999999999987,3.00938449418,-6.56512179979,29.6879789543,6.14810587246,0.165199742154,0.0,-0.30222529116,-4.14637698699,6.33404922326,-0.0587749121771,0.0723509575063,0.0,447.5503766596358,447.1846599060492,450.30583448357,446.9138501339734
4.799999999999986,2.9882791411,-6.81671059499,30.0677125194,6.14484360699,0.17036903719,0.0,-0.401661194151,-4.2402682098,6.32345903104,-0.0467679795284,0.104913057422,0.0,449.21761460526756,451.85660822928685,448.66865138490135,449.6406870795402
4.859999999999984,2.96148757169,-7.07370708248,30.4446536525,6.14186876811,0.1761907261,0.0,-0.491890936951,-4.3266279443,6.24139387139,-0.0558985768717,0.0725421403044,0.0,428.2950333963786,425.5402117790906,427.4394440574007,426.6587295782783
4.919999999999983,2.92938309395,-7.33580650881,30.8156433074,6.13940852072,0.18029941101,0.0,-0.57862349634,-4.41038329269,6.12528497466,-0.0212351822729,0.0587753095335,0.0,416.6334180047899,415.4315166095052,412.4268002080471,415.4765931351774
4.979999999999982,2.89142475849,-7.60345136465,31.18287636,6.13877485576,0.184053897221,0.0,-0.686926075745,-4.51129240531,6.11558532301,0.00503557464588,0.0692552406478,0.0,449.4429972877496,450.2945361882359,448.41730265103024,450.54692126328115
5.0399999999999805,2.84776993176,-7.87651735697,31.544924719,6.13890613225,0.188575550674,0.0,-0.768643539129,-4.59114579907,5.95338953377,-0.00422193294058,0.085395171559,0.0,397.2505845029833,398.73335227343347,398.84867442930886,398.002001341397
